{
 "cells": [
  {
   "cell_type": "code",
   "execution_count": 1,
   "id": "2bae05ca",
   "metadata": {},
   "outputs": [],
   "source": [
    "import pandas as pd\n",
    "import pickle\n",
    "import numpy as np\n",
    "from Constants import Const\n",
    "import torch\n",
    "import torch.nn as nn\n",
    "import cv2\n",
    "from pointcloud_utils import *\n",
    "import open3d as o3d"
   ]
  },
  {
   "cell_type": "code",
   "execution_count": 2,
   "id": "175b9ec1",
   "metadata": {},
   "outputs": [
    {
     "data": {
      "text/plain": [
       "{'id': 5,\n",
       " 'Spacing': (0.9375, 0.9375, 3.0),\n",
       " 'Volumes': array([86.53126863,  5.81267612, 29.51884323,  8.69137688,  3.98198162,\n",
       "         3.0224147 , 18.70934397,  4.91059477,  4.95923641,  5.07641855,\n",
       "         1.07674906,  0.55937887, 26.83470903, 25.78228079,  1.68919154,\n",
       "         0.        , 13.65724625, 12.99395114,  7.00881829, 47.24872143,\n",
       "        49.31156921]),\n",
       " 'ArrayDicom': array([[[-1000.,  -850.,  -823., ...,  -816.,  -861.,  -824.],\n",
       "         [ -840.,  -837.,  -859., ...,  -859.,  -822.,  -819.],\n",
       "         [ -833.,  -852.,  -834., ...,  -822.,  -838.,  -819.],\n",
       "         ...,\n",
       "         [ -893.,  -883.,  -882., ...,  -826.,  -838.,  -833.],\n",
       "         [ -882.,  -876.,  -901., ...,  -834.,  -822.,  -831.],\n",
       "         [ -873.,  -888.,  -905., ...,  -818.,  -829.,  -836.]],\n",
       " \n",
       "        [[-1000.,  -807.,  -844., ...,  -849.,  -863.,  -872.],\n",
       "         [ -814.,  -832.,  -825., ...,  -875.,  -856.,  -856.],\n",
       "         [ -844.,  -811.,  -799., ...,  -853.,  -855.,  -862.],\n",
       "         ...,\n",
       "         [ -804.,  -813.,  -811., ...,  -894.,  -897.,  -910.],\n",
       "         [ -810.,  -819.,  -826., ...,  -894.,  -902.,  -899.],\n",
       "         [ -826.,  -822.,  -827., ...,  -889.,  -875.,  -901.]],\n",
       " \n",
       "        [[-1000.,  -868.,  -865., ...,  -910.,  -906.,  -905.],\n",
       "         [ -857.,  -875.,  -878., ...,  -893.,  -907.,  -889.],\n",
       "         [ -861.,  -844.,  -885., ...,  -910.,  -890.,  -902.],\n",
       "         ...,\n",
       "         [ -732.,  -744.,  -767., ...,  -904.,  -889.,  -861.],\n",
       "         [ -778.,  -754.,  -768., ...,  -879.,  -871.,  -895.],\n",
       "         [ -743.,  -789.,  -714., ...,  -875.,  -870.,  -875.]],\n",
       " \n",
       "        ...,\n",
       " \n",
       "        [[-1000.,  -961.,  -969., ...,  -969.,  -966.,  -962.],\n",
       "         [ -979.,  -965.,  -971., ...,  -972.,  -958.,  -970.],\n",
       "         [ -982.,  -977.,  -966., ...,  -967.,  -965.,  -966.],\n",
       "         ...,\n",
       "         [ -954.,  -961.,  -966., ...,  -950.,  -956.,  -956.],\n",
       "         [ -952.,  -959.,  -952., ...,  -957.,  -947.,  -955.],\n",
       "         [ -962.,  -956.,  -960., ...,  -953.,  -955.,  -952.]],\n",
       " \n",
       "        [[-1000.,  -972.,  -969., ...,  -983.,  -974.,  -978.],\n",
       "         [ -971.,  -968.,  -970., ...,  -978.,  -974.,  -979.],\n",
       "         [ -974.,  -985.,  -971., ...,  -978.,  -980.,  -980.],\n",
       "         ...,\n",
       "         [ -960.,  -969.,  -961., ...,  -960.,  -964.,  -968.],\n",
       "         [ -963.,  -959.,  -959., ...,  -970.,  -963.,  -967.],\n",
       "         [ -962.,  -962.,  -968., ...,  -961.,  -964.,  -960.]],\n",
       " \n",
       "        [[-1000.,  -979.,  -987., ...,  -987.,  -988.,  -992.],\n",
       "         [ -986.,  -979.,  -985., ...,  -989.,  -990.,  -991.],\n",
       "         [ -991.,  -987.,  -980., ...,  -994.,  -989.,  -986.],\n",
       "         ...,\n",
       "         [ -971.,  -968.,  -974., ...,  -968.,  -971.,  -976.],\n",
       "         [ -963.,  -965.,  -968., ...,  -969.,  -969.,  -971.],\n",
       "         [ -967.,  -975.,  -971., ...,  -961.,  -967.,  -966.]]],\n",
       "       dtype=float32),\n",
       " 'mask': array([[[0, 0, 0, ..., 0, 0, 0],\n",
       "         [0, 0, 0, ..., 0, 0, 0],\n",
       "         [0, 0, 0, ..., 0, 0, 0],\n",
       "         ...,\n",
       "         [0, 0, 0, ..., 0, 0, 0],\n",
       "         [0, 0, 0, ..., 0, 0, 0],\n",
       "         [0, 0, 0, ..., 0, 0, 0]],\n",
       " \n",
       "        [[0, 0, 0, ..., 0, 0, 0],\n",
       "         [0, 0, 0, ..., 0, 0, 0],\n",
       "         [0, 0, 0, ..., 0, 0, 0],\n",
       "         ...,\n",
       "         [0, 0, 0, ..., 0, 0, 0],\n",
       "         [0, 0, 0, ..., 0, 0, 0],\n",
       "         [0, 0, 0, ..., 0, 0, 0]],\n",
       " \n",
       "        [[0, 0, 0, ..., 0, 0, 0],\n",
       "         [0, 0, 0, ..., 0, 0, 0],\n",
       "         [0, 0, 0, ..., 0, 0, 0],\n",
       "         ...,\n",
       "         [0, 0, 0, ..., 0, 0, 0],\n",
       "         [0, 0, 0, ..., 0, 0, 0],\n",
       "         [0, 0, 0, ..., 0, 0, 0]],\n",
       " \n",
       "        ...,\n",
       " \n",
       "        [[0, 0, 0, ..., 0, 0, 0],\n",
       "         [0, 0, 0, ..., 0, 0, 0],\n",
       "         [0, 0, 0, ..., 0, 0, 0],\n",
       "         ...,\n",
       "         [0, 0, 0, ..., 0, 0, 0],\n",
       "         [0, 0, 0, ..., 0, 0, 0],\n",
       "         [0, 0, 0, ..., 0, 0, 0]],\n",
       " \n",
       "        [[0, 0, 0, ..., 0, 0, 0],\n",
       "         [0, 0, 0, ..., 0, 0, 0],\n",
       "         [0, 0, 0, ..., 0, 0, 0],\n",
       "         ...,\n",
       "         [0, 0, 0, ..., 0, 0, 0],\n",
       "         [0, 0, 0, ..., 0, 0, 0],\n",
       "         [0, 0, 0, ..., 0, 0, 0]],\n",
       " \n",
       "        [[0, 0, 0, ..., 0, 0, 0],\n",
       "         [0, 0, 0, ..., 0, 0, 0],\n",
       "         [0, 0, 0, ..., 0, 0, 0],\n",
       "         ...,\n",
       "         [0, 0, 0, ..., 0, 0, 0],\n",
       "         [0, 0, 0, ..., 0, 0, 0],\n",
       "         [0, 0, 0, ..., 0, 0, 0]]]),\n",
       " 'contours': {'GTVp': array([[-36.09375,   4.6875 ,  12.65625],\n",
       "         [-36.09375,   5.625  ,  12.65625],\n",
       "         [-38.5    ,   7.     ,  13.5    ],\n",
       "         ...,\n",
       "         [ 20.5    ,  -8.     ,  10.5    ],\n",
       "         [ 21.5    ,  -9.     ,  10.5    ],\n",
       "         [ 21.5    ,  -8.     ,  10.5    ]]),\n",
       "  'GTVn': array([[-49.21875,  25.3125 ,  10.78125],\n",
       "         [-49.21875,  26.25   ,  10.78125],\n",
       "         [-52.5    ,  29.     ,  13.5    ],\n",
       "         ...,\n",
       "         [-20.5    ,  21.     ,   0.5    ],\n",
       "         [-20.5    ,  21.     ,   1.5    ],\n",
       "         [-20.5    ,  21.     ,   2.5    ]]),\n",
       "  'brainstem': array([[-16.40625,  45.9375 ,  44.53125],\n",
       "         [-16.40625,  45.9375 ,  45.46875],\n",
       "         [-17.5    ,  50.     ,  48.5    ],\n",
       "         ...,\n",
       "         [ 15.5    ,  59.     ,  49.5    ],\n",
       "         [ 15.5    ,  60.     ,  49.5    ],\n",
       "         [ 15.5    ,  61.     ,  49.5    ]]),\n",
       "  'esophagus': array([[ -5.15625,  30.9375 , -18.28125],\n",
       "         [ -5.15625,  31.875  , -19.21875],\n",
       "         [ -5.5    ,  35.     , -20.5    ],\n",
       "         ...,\n",
       "         [ 18.5    ,  70.     , -47.5    ],\n",
       "         [ 18.5    ,  71.     , -49.5    ],\n",
       "         [ 18.5    ,  71.     , -48.5    ]]),\n",
       "  'hard_palate': array([[-13.59375, -40.3125 ,  32.34375],\n",
       "         [-13.59375, -39.375  ,  32.34375],\n",
       "         [-14.5    , -40.     ,  34.5    ],\n",
       "         ...,\n",
       "         [ 10.5    , -31.     ,  35.5    ],\n",
       "         [ 10.5    , -30.     ,  35.5    ],\n",
       "         [ 10.5    , -29.     ,  35.5    ]]),\n",
       "  'ipc': array([], shape=(0, 3), dtype=int64),\n",
       "  'larynx': array([[-14.53125,  16.875  , -15.46875],\n",
       "         [-14.53125,  17.8125 , -15.46875],\n",
       "         [-15.5    ,  20.     , -16.5    ],\n",
       "         ...,\n",
       "         [ 17.5    ,  21.     ,  -8.5    ],\n",
       "         [ 17.5    ,  21.     ,  -7.5    ],\n",
       "         [ 17.5    ,  21.     ,  -5.5    ]]),\n",
       "  'lower_lip': array([[-22.96875, -58.125  ,  17.34375],\n",
       "         [-22.96875, -58.125  ,  18.28125],\n",
       "         [-23.5    , -64.     ,  19.5    ],\n",
       "         ...,\n",
       "         [ 26.5    , -59.     ,  16.5    ],\n",
       "         [ 26.5    , -59.     ,  17.5    ],\n",
       "         [ 26.5    , -59.     ,  18.5    ]]),\n",
       "  'lt_ant_digastric_m': array([[  7.96875, -44.0625 ,   4.21875],\n",
       "         [  7.96875, -43.125  ,   4.21875],\n",
       "         [  8.5    , -44.     ,   4.5    ],\n",
       "         ...,\n",
       "         [ 29.5    , -17.     ,   5.5    ],\n",
       "         [ 29.5    , -16.     ,   5.5    ],\n",
       "         [ 29.5    , -15.     ,   5.5    ]]),\n",
       "  'rt_ant_digastric_m': array([[-21.09375, -22.5    ,   3.28125],\n",
       "         [-21.09375, -21.5625 ,   3.28125],\n",
       "         [-22.5    , -21.     ,   2.5    ],\n",
       "         ...,\n",
       "         [ -2.5    , -40.     ,   3.5    ],\n",
       "         [ -2.5    , -40.     ,   4.5    ],\n",
       "         [ -2.5    , -39.     ,   3.5    ]]),\n",
       "  'lt_mastoid': array([[49.21875, 42.1875 , 29.53125],\n",
       "         [49.21875, 43.125  , 29.53125],\n",
       "         [53.5    , 42.     , 31.5    ],\n",
       "         ...,\n",
       "         [64.5    , 49.     , 30.5    ],\n",
       "         [64.5    , 49.     , 31.5    ],\n",
       "         [64.5    , 50.     , 31.5    ]]),\n",
       "  'rt_mastoid': array([[-59.53125,  41.25   ,  25.78125],\n",
       "         [-59.53125,  41.25   ,  26.71875],\n",
       "         [-63.5    ,  45.     ,  28.5    ],\n",
       "         [-63.5    ,  46.     ,  27.5    ],\n",
       "         [-63.5    ,  46.     ,  28.5    ],\n",
       "         [-63.5    ,  47.     ,  27.5    ],\n",
       "         [-63.5    ,  47.     ,  28.5    ],\n",
       "         [-63.5    ,  48.     ,  27.5    ],\n",
       "         [-63.5    ,  48.     ,  28.5    ],\n",
       "         [-63.5    ,  49.     ,  27.5    ],\n",
       "         [-63.5    ,  49.     ,  28.5    ],\n",
       "         [-63.5    ,  50.     ,  27.5    ],\n",
       "         [-62.5    ,  43.     ,  27.5    ],\n",
       "         [-62.5    ,  43.     ,  28.5    ],\n",
       "         [-62.5    ,  44.     ,  27.5    ],\n",
       "         [-62.5    ,  44.     ,  28.5    ],\n",
       "         [-62.5    ,  45.     ,  27.5    ],\n",
       "         [-62.5    ,  45.     ,  28.5    ],\n",
       "         [-62.5    ,  46.     ,  27.5    ],\n",
       "         [-62.5    ,  46.     ,  28.5    ],\n",
       "         [-62.5    ,  47.     ,  27.5    ],\n",
       "         [-62.5    ,  47.     ,  28.5    ],\n",
       "         [-62.5    ,  48.     ,  27.5    ],\n",
       "         [-62.5    ,  48.     ,  28.5    ],\n",
       "         [-62.5    ,  49.     ,  27.5    ],\n",
       "         [-62.5    ,  49.     ,  28.5    ],\n",
       "         [-62.5    ,  50.     ,  27.5    ],\n",
       "         [-62.5    ,  50.     ,  28.5    ],\n",
       "         [-62.5    ,  51.     ,  27.5    ],\n",
       "         [-62.5    ,  51.     ,  28.5    ],\n",
       "         [-61.5    ,  42.     ,  27.5    ],\n",
       "         [-61.5    ,  42.     ,  28.5    ],\n",
       "         [-61.5    ,  43.     ,  27.5    ],\n",
       "         [-61.5    ,  43.     ,  28.5    ],\n",
       "         [-61.5    ,  44.     ,  27.5    ],\n",
       "         [-61.5    ,  44.     ,  28.5    ],\n",
       "         [-61.5    ,  45.     ,  27.5    ],\n",
       "         [-61.5    ,  45.     ,  28.5    ],\n",
       "         [-61.5    ,  46.     ,  27.5    ],\n",
       "         [-61.5    ,  46.     ,  28.5    ],\n",
       "         [-61.5    ,  47.     ,  27.5    ],\n",
       "         [-61.5    ,  47.     ,  28.5    ],\n",
       "         [-61.5    ,  47.     ,  29.5    ],\n",
       "         [-61.5    ,  48.     ,  27.5    ],\n",
       "         [-61.5    ,  48.     ,  28.5    ],\n",
       "         [-61.5    ,  49.     ,  27.5    ],\n",
       "         [-61.5    ,  49.     ,  28.5    ],\n",
       "         [-61.5    ,  50.     ,  27.5    ],\n",
       "         [-61.5    ,  50.     ,  28.5    ],\n",
       "         [-61.5    ,  51.     ,  27.5    ],\n",
       "         [-61.5    ,  51.     ,  28.5    ],\n",
       "         [-61.5    ,  52.     ,  27.5    ],\n",
       "         [-61.5    ,  52.     ,  28.5    ],\n",
       "         [-61.5    ,  53.     ,  28.5    ],\n",
       "         [-60.5    ,  41.     ,  28.5    ],\n",
       "         [-60.5    ,  42.     ,  27.5    ],\n",
       "         [-60.5    ,  42.     ,  28.5    ],\n",
       "         [-60.5    ,  43.     ,  27.5    ],\n",
       "         [-60.5    ,  43.     ,  28.5    ],\n",
       "         [-60.5    ,  43.     ,  29.5    ],\n",
       "         [-60.5    ,  44.     ,  27.5    ],\n",
       "         [-60.5    ,  44.     ,  28.5    ],\n",
       "         [-60.5    ,  44.     ,  29.5    ],\n",
       "         [-60.5    ,  45.     ,  27.5    ],\n",
       "         [-60.5    ,  45.     ,  28.5    ],\n",
       "         [-60.5    ,  45.     ,  29.5    ],\n",
       "         [-60.5    ,  46.     ,  27.5    ],\n",
       "         [-60.5    ,  46.     ,  28.5    ],\n",
       "         [-60.5    ,  46.     ,  29.5    ],\n",
       "         [-60.5    ,  47.     ,  27.5    ],\n",
       "         [-60.5    ,  47.     ,  28.5    ],\n",
       "         [-60.5    ,  47.     ,  29.5    ],\n",
       "         [-60.5    ,  48.     ,  27.5    ],\n",
       "         [-60.5    ,  48.     ,  28.5    ],\n",
       "         [-60.5    ,  48.     ,  29.5    ],\n",
       "         [-60.5    ,  49.     ,  27.5    ],\n",
       "         [-60.5    ,  49.     ,  28.5    ],\n",
       "         [-60.5    ,  49.     ,  29.5    ],\n",
       "         [-60.5    ,  50.     ,  27.5    ],\n",
       "         [-60.5    ,  50.     ,  28.5    ],\n",
       "         [-60.5    ,  50.     ,  29.5    ],\n",
       "         [-60.5    ,  51.     ,  27.5    ],\n",
       "         [-60.5    ,  51.     ,  28.5    ],\n",
       "         [-60.5    ,  52.     ,  27.5    ],\n",
       "         [-60.5    ,  52.     ,  28.5    ],\n",
       "         [-60.5    ,  53.     ,  28.5    ],\n",
       "         [-59.5    ,  41.     ,  27.5    ],\n",
       "         [-59.5    ,  41.     ,  28.5    ],\n",
       "         [-59.5    ,  42.     ,  27.5    ],\n",
       "         [-59.5    ,  42.     ,  28.5    ],\n",
       "         [-59.5    ,  42.     ,  29.5    ],\n",
       "         [-59.5    ,  43.     ,  27.5    ],\n",
       "         [-59.5    ,  43.     ,  28.5    ],\n",
       "         [-59.5    ,  43.     ,  29.5    ],\n",
       "         [-59.5    ,  44.     ,  27.5    ],\n",
       "         [-59.5    ,  44.     ,  28.5    ],\n",
       "         [-59.5    ,  44.     ,  29.5    ],\n",
       "         [-59.5    ,  45.     ,  27.5    ],\n",
       "         [-59.5    ,  45.     ,  28.5    ],\n",
       "         [-59.5    ,  45.     ,  29.5    ],\n",
       "         [-59.5    ,  46.     ,  27.5    ],\n",
       "         [-59.5    ,  46.     ,  28.5    ],\n",
       "         [-59.5    ,  46.     ,  29.5    ],\n",
       "         [-59.5    ,  47.     ,  27.5    ],\n",
       "         [-59.5    ,  47.     ,  28.5    ],\n",
       "         [-59.5    ,  47.     ,  29.5    ],\n",
       "         [-59.5    ,  48.     ,  27.5    ],\n",
       "         [-59.5    ,  48.     ,  28.5    ],\n",
       "         [-59.5    ,  48.     ,  29.5    ],\n",
       "         [-59.5    ,  49.     ,  27.5    ],\n",
       "         [-59.5    ,  49.     ,  28.5    ],\n",
       "         [-59.5    ,  49.     ,  29.5    ],\n",
       "         [-59.5    ,  50.     ,  27.5    ],\n",
       "         [-59.5    ,  50.     ,  28.5    ],\n",
       "         [-59.5    ,  50.     ,  29.5    ],\n",
       "         [-59.5    ,  51.     ,  27.5    ],\n",
       "         [-59.5    ,  51.     ,  28.5    ],\n",
       "         [-59.5    ,  51.     ,  29.5    ],\n",
       "         [-59.5    ,  52.     ,  27.5    ],\n",
       "         [-59.5    ,  52.     ,  28.5    ],\n",
       "         [-59.5    ,  53.     ,  28.5    ],\n",
       "         [-58.5    ,  41.     ,  27.5    ],\n",
       "         [-58.5    ,  41.     ,  28.5    ],\n",
       "         [-58.5    ,  42.     ,  27.5    ],\n",
       "         [-58.5    ,  42.     ,  28.5    ],\n",
       "         [-58.5    ,  42.     ,  29.5    ],\n",
       "         [-58.5    ,  43.     ,  27.5    ],\n",
       "         [-58.5    ,  43.     ,  28.5    ],\n",
       "         [-58.5    ,  43.     ,  29.5    ],\n",
       "         [-58.5    ,  44.     ,  27.5    ],\n",
       "         [-58.5    ,  44.     ,  28.5    ],\n",
       "         [-58.5    ,  44.     ,  29.5    ],\n",
       "         [-58.5    ,  45.     ,  27.5    ],\n",
       "         [-58.5    ,  45.     ,  28.5    ],\n",
       "         [-58.5    ,  45.     ,  29.5    ],\n",
       "         [-58.5    ,  46.     ,  27.5    ],\n",
       "         [-58.5    ,  46.     ,  28.5    ],\n",
       "         [-58.5    ,  46.     ,  29.5    ],\n",
       "         [-58.5    ,  47.     ,  27.5    ],\n",
       "         [-58.5    ,  47.     ,  28.5    ],\n",
       "         [-58.5    ,  47.     ,  29.5    ],\n",
       "         [-58.5    ,  48.     ,  27.5    ],\n",
       "         [-58.5    ,  48.     ,  28.5    ],\n",
       "         [-58.5    ,  48.     ,  29.5    ],\n",
       "         [-58.5    ,  49.     ,  27.5    ],\n",
       "         [-58.5    ,  49.     ,  28.5    ],\n",
       "         [-58.5    ,  49.     ,  29.5    ],\n",
       "         [-58.5    ,  50.     ,  27.5    ],\n",
       "         [-58.5    ,  50.     ,  28.5    ],\n",
       "         [-58.5    ,  50.     ,  29.5    ],\n",
       "         [-58.5    ,  51.     ,  27.5    ],\n",
       "         [-58.5    ,  51.     ,  28.5    ],\n",
       "         [-58.5    ,  51.     ,  29.5    ],\n",
       "         [-58.5    ,  52.     ,  28.5    ],\n",
       "         [-58.5    ,  53.     ,  28.5    ],\n",
       "         [-57.5    ,  41.     ,  28.5    ],\n",
       "         [-57.5    ,  42.     ,  27.5    ],\n",
       "         [-57.5    ,  42.     ,  28.5    ],\n",
       "         [-57.5    ,  42.     ,  29.5    ],\n",
       "         [-57.5    ,  43.     ,  27.5    ],\n",
       "         [-57.5    ,  43.     ,  28.5    ],\n",
       "         [-57.5    ,  43.     ,  29.5    ],\n",
       "         [-57.5    ,  44.     ,  27.5    ],\n",
       "         [-57.5    ,  44.     ,  28.5    ],\n",
       "         [-57.5    ,  44.     ,  29.5    ],\n",
       "         [-57.5    ,  45.     ,  27.5    ],\n",
       "         [-57.5    ,  45.     ,  28.5    ],\n",
       "         [-57.5    ,  45.     ,  29.5    ],\n",
       "         [-57.5    ,  46.     ,  27.5    ],\n",
       "         [-57.5    ,  46.     ,  28.5    ],\n",
       "         [-57.5    ,  46.     ,  29.5    ],\n",
       "         [-57.5    ,  47.     ,  27.5    ],\n",
       "         [-57.5    ,  47.     ,  28.5    ],\n",
       "         [-57.5    ,  47.     ,  29.5    ],\n",
       "         [-57.5    ,  48.     ,  27.5    ],\n",
       "         [-57.5    ,  48.     ,  28.5    ],\n",
       "         [-57.5    ,  48.     ,  29.5    ],\n",
       "         [-57.5    ,  49.     ,  27.5    ],\n",
       "         [-57.5    ,  49.     ,  28.5    ],\n",
       "         [-57.5    ,  49.     ,  29.5    ],\n",
       "         [-57.5    ,  50.     ,  27.5    ],\n",
       "         [-57.5    ,  50.     ,  28.5    ],\n",
       "         [-57.5    ,  50.     ,  29.5    ],\n",
       "         [-57.5    ,  51.     ,  28.5    ],\n",
       "         [-57.5    ,  51.     ,  29.5    ],\n",
       "         [-57.5    ,  52.     ,  28.5    ],\n",
       "         [-56.5    ,  41.     ,  28.5    ],\n",
       "         [-56.5    ,  42.     ,  27.5    ],\n",
       "         [-56.5    ,  42.     ,  28.5    ],\n",
       "         [-56.5    ,  42.     ,  29.5    ],\n",
       "         [-56.5    ,  43.     ,  27.5    ],\n",
       "         [-56.5    ,  43.     ,  28.5    ],\n",
       "         [-56.5    ,  43.     ,  29.5    ],\n",
       "         [-56.5    ,  44.     ,  27.5    ],\n",
       "         [-56.5    ,  44.     ,  28.5    ],\n",
       "         [-56.5    ,  44.     ,  29.5    ],\n",
       "         [-56.5    ,  45.     ,  27.5    ],\n",
       "         [-56.5    ,  45.     ,  28.5    ],\n",
       "         [-56.5    ,  45.     ,  29.5    ],\n",
       "         [-56.5    ,  46.     ,  27.5    ],\n",
       "         [-56.5    ,  46.     ,  28.5    ],\n",
       "         [-56.5    ,  46.     ,  29.5    ],\n",
       "         [-56.5    ,  47.     ,  27.5    ],\n",
       "         [-56.5    ,  47.     ,  28.5    ],\n",
       "         [-56.5    ,  47.     ,  29.5    ],\n",
       "         [-56.5    ,  48.     ,  27.5    ],\n",
       "         [-56.5    ,  48.     ,  28.5    ],\n",
       "         [-56.5    ,  48.     ,  29.5    ],\n",
       "         [-56.5    ,  49.     ,  27.5    ],\n",
       "         [-56.5    ,  49.     ,  28.5    ],\n",
       "         [-56.5    ,  49.     ,  29.5    ],\n",
       "         [-56.5    ,  50.     ,  27.5    ],\n",
       "         [-56.5    ,  50.     ,  28.5    ],\n",
       "         [-56.5    ,  50.     ,  29.5    ],\n",
       "         [-56.5    ,  51.     ,  28.5    ],\n",
       "         [-56.5    ,  51.     ,  29.5    ],\n",
       "         [-55.5    ,  42.     ,  28.5    ],\n",
       "         [-55.5    ,  43.     ,  28.5    ],\n",
       "         [-55.5    ,  43.     ,  29.5    ],\n",
       "         [-55.5    ,  44.     ,  27.5    ],\n",
       "         [-55.5    ,  44.     ,  28.5    ],\n",
       "         [-55.5    ,  44.     ,  29.5    ],\n",
       "         [-55.5    ,  45.     ,  27.5    ],\n",
       "         [-55.5    ,  45.     ,  28.5    ],\n",
       "         [-55.5    ,  45.     ,  29.5    ],\n",
       "         [-55.5    ,  46.     ,  27.5    ],\n",
       "         [-55.5    ,  46.     ,  28.5    ],\n",
       "         [-55.5    ,  46.     ,  29.5    ],\n",
       "         [-55.5    ,  47.     ,  27.5    ],\n",
       "         [-55.5    ,  47.     ,  28.5    ],\n",
       "         [-55.5    ,  47.     ,  29.5    ],\n",
       "         [-55.5    ,  48.     ,  27.5    ],\n",
       "         [-55.5    ,  48.     ,  28.5    ],\n",
       "         [-55.5    ,  48.     ,  29.5    ],\n",
       "         [-55.5    ,  49.     ,  28.5    ],\n",
       "         [-55.5    ,  49.     ,  29.5    ],\n",
       "         [-55.5    ,  50.     ,  28.5    ],\n",
       "         [-55.5    ,  50.     ,  29.5    ],\n",
       "         [-54.5    ,  43.     ,  28.5    ],\n",
       "         [-54.5    ,  44.     ,  28.5    ],\n",
       "         [-54.5    ,  44.     ,  29.5    ],\n",
       "         [-54.5    ,  45.     ,  28.5    ],\n",
       "         [-54.5    ,  45.     ,  29.5    ],\n",
       "         [-54.5    ,  46.     ,  28.5    ],\n",
       "         [-54.5    ,  46.     ,  29.5    ],\n",
       "         [-54.5    ,  47.     ,  28.5    ],\n",
       "         [-54.5    ,  47.     ,  29.5    ],\n",
       "         [-54.5    ,  48.     ,  28.5    ],\n",
       "         [-54.5    ,  48.     ,  29.5    ],\n",
       "         [-54.5    ,  49.     ,  28.5    ],\n",
       "         [-54.5    ,  49.     ,  29.5    ],\n",
       "         [-54.5    ,  50.     ,  28.5    ]]),\n",
       "  'lt_masseter_m': array([[ 36.09375, -23.4375 ,  31.40625],\n",
       "         [ 36.09375, -23.4375 ,  32.34375],\n",
       "         [ 38.5    , -24.     ,  32.5    ],\n",
       "         ...,\n",
       "         [ 63.5    ,   5.     ,  33.5    ],\n",
       "         [ 63.5    ,   5.     ,  34.5    ],\n",
       "         [ 63.5    ,   5.     ,  35.5    ]]),\n",
       "  'rt_masseter_m': array([[-61.40625,  -1.875  ,  31.40625],\n",
       "         [-61.40625,  -0.9375 ,  30.46875],\n",
       "         [-65.5    ,  -1.     ,  34.5    ],\n",
       "         ...,\n",
       "         [-40.5    , -21.     ,  25.5    ],\n",
       "         [-40.5    , -20.     ,  24.5    ],\n",
       "         [-40.5    , -20.     ,  25.5    ]]),\n",
       "  'mpc': array([[-10.78125,  21.5625 ,  -0.46875],\n",
       "         [-10.78125,  21.5625 ,   0.46875],\n",
       "         [-11.5    ,  24.     ,   0.5    ],\n",
       "         ...,\n",
       "         [ 19.5    ,  25.     ,   1.5    ],\n",
       "         [ 19.5    ,  25.     ,   2.5    ],\n",
       "         [ 20.5    ,  24.     ,   1.5    ]]),\n",
       "  'spc': array([[-10.78125,  15.     ,   9.84375],\n",
       "         [-10.78125,  16.875  ,   9.84375],\n",
       "         [-10.5    ,  15.     ,  10.5    ],\n",
       "         ...,\n",
       "         [ 27.5    ,  11.     ,  26.5    ],\n",
       "         [ 27.5    ,  12.     ,  24.5    ],\n",
       "         [ 27.5    ,  12.     ,  25.5    ]]),\n",
       "  'soft_palate': array([[-15.46875, -16.875  ,  29.53125],\n",
       "         [-15.46875, -15.9375 ,  29.53125],\n",
       "         [-16.5    , -15.     ,  31.5    ],\n",
       "         ...,\n",
       "         [ 25.5    ,   5.     ,  24.5    ],\n",
       "         [ 25.5    ,   6.     ,  24.5    ],\n",
       "         [ 26.5    ,   3.     ,  25.5    ]]),\n",
       "  'upper_lip': array([[-27.65625, -57.1875 ,  23.90625],\n",
       "         [-27.65625, -57.1875 ,  24.84375],\n",
       "         [-29.5    , -61.     ,  28.5    ],\n",
       "         ...,\n",
       "         [ 28.5    , -58.     ,  27.5    ],\n",
       "         [ 28.5    , -58.     ,  28.5    ],\n",
       "         [ 29.5    , -59.     ,  28.5    ]]),\n",
       "  'rt_sternocleidomastoid_m': array([[-63.28125,  42.1875 ,  21.09375],\n",
       "         [-63.28125,  43.125  ,  17.34375],\n",
       "         [-67.5    ,  46.     ,  20.5    ],\n",
       "         ...,\n",
       "         [ -7.5    ,  -4.     , -40.5    ],\n",
       "         [ -7.5    ,  -3.     , -40.5    ],\n",
       "         [ -7.5    ,  -3.     , -39.5    ]]),\n",
       "  'lt_sternocleidomastoid_m': array([[ 10.78125,  -4.6875 , -37.96875],\n",
       "         [ 10.78125,  -4.6875 , -37.03125],\n",
       "         [ 11.5    ,  -4.     , -39.5    ],\n",
       "         ...,\n",
       "         [ 67.5    ,  67.     ,  11.5    ],\n",
       "         [ 67.5    ,  68.     ,   9.5    ],\n",
       "         [ 67.5    ,  68.     ,  11.5    ]])},\n",
       " 'distances': array([[  0.        ,   1.        ,  23.85372088,  20.8742047 ,\n",
       "           6.        ,   0.        ,   2.        ,  32.15699404,\n",
       "           1.        ,   1.        ,  44.4380494 ,  34.87119155,\n",
       "          24.73863375,  12.08304597,   1.        ,   0.        ,\n",
       "           0.44414595,   1.        ,  34.14453996,  11.35781669,\n",
       "          19.74841766],\n",
       "        [  1.        ,   0.        ,  36.12478374,  22.49960937,\n",
       "          45.7165178 ,   0.        ,   9.43398113,  72.67356648,\n",
       "          46.42197755,  16.40121947,  77.71938455,  15.47029664,\n",
       "          73.18469785,  11.53256259,   9.48683298,   0.        ,\n",
       "          12.57578588,  32.38826948,  73.37940521,   1.        ,\n",
       "          47.63402146],\n",
       "        [ 23.85372088,  36.12478374,   0.        ,  46.17358552,\n",
       "          50.48762225,   0.        ,  37.74917218, 100.48772663,\n",
       "          55.14526272,  56.29387178,  36.32193832,  39.56008089,\n",
       "          53.79591063,  54.24020649,  29.47880595,   0.        ,\n",
       "          22.56102835,  31.0322413 ,  96.95875412,  45.01110974,\n",
       "          43.22036557],\n",
       "        [ 20.8742047 ,  22.49960937,  46.17358552,   0.        ,\n",
       "          67.36686813,   0.        ,   2.11717309,  97.14799237,\n",
       "          44.20407221,  42.48361357,  64.25819196,  69.05646184,\n",
       "          63.2534584 ,  61.33449211,  17.29161647,   0.        ,\n",
       "          23.34523506,  45.7383865 , 100.25991612,  24.96837844,\n",
       "          24.39262184],\n",
       "        [  6.        ,  45.7165178 ,  50.48762225,  67.36686813,\n",
       "           0.        ,   0.        ,  37.85498646,  21.37755833,\n",
       "          29.15475947,  25.90340379,  73.64774426,  76.53103945,\n",
       "          26.38073842,  28.7923601 ,  46.70117772,   0.        ,\n",
       "          28.70540019,   1.        ,  11.22497216,  58.83026432,\n",
       "          58.35237784],\n",
       "        [  0.        ,   0.        ,   0.        ,   0.        ,\n",
       "           0.        ,   0.        ,   0.        ,   0.        ,\n",
       "           0.        ,   0.        ,   0.        ,   0.        ,\n",
       "           0.        ,   0.        ,   0.        ,   0.        ,\n",
       "           0.        ,   0.        ,   0.        ,   0.        ,\n",
       "           0.        ],\n",
       "        [  2.        ,   9.43398113,  37.74917218,   2.11717309,\n",
       "          37.85498646,   0.        ,   0.        ,  57.56735186,\n",
       "          13.3041347 ,  11.5758369 ,  51.74507449,  58.32666629,\n",
       "          39.86226286,  42.74342055,   2.23606798,   0.        ,\n",
       "           8.06225775,  25.        ,  64.52353919,   8.77496439,\n",
       "           8.77496439],\n",
       "        [ 32.15699404,  72.67356648, 100.48772663,  97.14799237,\n",
       "          21.37755833,   0.        ,  57.56735186,   0.        ,\n",
       "          15.13274595,  15.74801575, 103.09704166, 105.14054025,\n",
       "          37.42993454,  38.80281179,  81.69455306,   0.        ,\n",
       "          60.67124525,  41.96764472,   2.        ,  73.66138744,\n",
       "          73.60027174],\n",
       "        [  1.        ,  46.42197755,  55.14526272,  44.20407221,\n",
       "          29.15475947,   0.        ,  13.3041347 ,  15.13274595,\n",
       "           0.        ,  10.4727138 ,  54.83261105,  92.271339  ,\n",
       "          18.35755975,  54.7813837 ,  24.2899156 ,   0.        ,\n",
       "          16.4924225 ,  15.65247584,  26.64582519,  49.979996  ,\n",
       "          22.6715681 ],\n",
       "        [  1.        ,  16.40121947,  56.29387178,  42.48361357,\n",
       "          25.90340379,   0.        ,  11.5758369 ,  15.74801575,\n",
       "          10.4727138 ,   0.        ,  83.78873871,  62.68971207,\n",
       "          49.49169359,  22.44994432,  26.23969292,   0.        ,\n",
       "          20.98236797,  24.        ,  28.91366459,  25.07987241,\n",
       "          44.9550774 ],\n",
       "        [ 44.4380494 ,  77.71938455,  36.32193832,  64.25819196,\n",
       "          73.64774426,   0.        ,  51.74507449, 103.09704166,\n",
       "          54.83261105,  83.78873871,   0.        , 103.72244551,\n",
       "          25.3179778 , 106.50552913,  43.69556882,   0.        ,\n",
       "          34.9480362 ,  42.97080677, 100.88111815,  90.56173438,\n",
       "           1.        ],\n",
       "        [ 34.87119155,  15.47029664,  39.56008089,  69.05646184,\n",
       "          76.53103945,   0.        ,  58.32666629, 105.14054025,\n",
       "          92.271339  ,  62.68971207, 103.72244551,   0.        ,\n",
       "         110.94142599,  27.5317998 ,  54.3783045 ,   0.        ,\n",
       "          50.12983144,  61.03277808, 102.40173453,   1.25701159,\n",
       "          94.59386872],\n",
       "        [ 24.73863375,  73.18469785,  53.79591063,  63.2534584 ,\n",
       "          26.38073842,   0.        ,  39.86226286,  37.42993454,\n",
       "          18.35755975,  49.49169359,  25.3179778 , 110.94142599,\n",
       "           0.        ,  76.8597927 ,  40.42276586,   0.        ,\n",
       "          20.61552813,  20.63976744,  32.15587038,  76.94803441,\n",
       "          16.79285562],\n",
       "        [ 12.08304597,  11.53256259,  54.24020649,  61.33449211,\n",
       "          28.7923601 ,   0.        ,  42.74342055,  38.80281179,\n",
       "          54.7813837 ,  22.44994432, 106.50552913,  27.5317998 ,\n",
       "          76.8597927 ,   0.        ,  45.46313324,   0.        ,\n",
       "          41.3341235 ,  25.23885893,  34.36568055,  17.69180601,\n",
       "          74.28086217],\n",
       "        [  1.        ,   9.48683298,  29.47880595,  17.29161647,\n",
       "          46.70117772,   0.        ,   2.23606798,  81.69455306,\n",
       "          24.2899156 ,  26.23969292,  43.69556882,  54.3783045 ,\n",
       "          40.42276586,  45.46313324,   0.        ,   0.        ,\n",
       "           1.        ,  22.47220505,  83.87874898,  20.88061302,\n",
       "          14.45683229],\n",
       "        [  0.        ,   0.        ,   0.        ,   0.        ,\n",
       "           0.        ,   0.        ,   0.        ,   0.        ,\n",
       "           0.        ,   0.        ,   0.        ,   0.        ,\n",
       "           0.        ,   0.        ,   0.        ,   0.        ,\n",
       "           0.        ,   0.        ,   0.        ,   0.        ,\n",
       "           0.        ],\n",
       "        [  0.44414595,  12.57578588,  22.56102835,  23.34523506,\n",
       "          28.70540019,   0.        ,   8.06225775,  60.67124525,\n",
       "          16.4924225 ,  20.98236797,  34.9480362 ,  50.12983144,\n",
       "          20.61552813,  41.3341235 ,   1.        ,   0.        ,\n",
       "           0.        ,   1.        ,  59.13543777,  26.77499562,\n",
       "          13.60147051],\n",
       "        [  1.        ,  32.38826948,  31.0322413 ,  45.7383865 ,\n",
       "           1.        ,   0.        ,  25.        ,  41.96764472,\n",
       "          15.65247584,  24.        ,  42.97080677,  61.03277808,\n",
       "          20.63976744,  25.23885893,  22.47220505,   0.        ,\n",
       "           1.        ,   0.        ,  40.16217126,  45.65084884,\n",
       "          28.91366459],\n",
       "        [ 34.14453996,  73.37940521,  96.95875412, 100.25991612,\n",
       "          11.22497216,   0.        ,  64.52353919,   2.        ,\n",
       "          26.64582519,  28.91366459, 100.88111815, 102.40173453,\n",
       "          32.15587038,  34.36568055,  83.87874898,   0.        ,\n",
       "          59.13543777,  40.16217126,   0.        ,  79.26482265,\n",
       "          80.25584091],\n",
       "        [ 11.35781669,   1.        ,  45.01110974,  24.96837844,\n",
       "          58.83026432,   0.        ,   8.77496439,  73.66138744,\n",
       "          49.979996  ,  25.07987241,  90.56173438,   1.25701159,\n",
       "          76.94803441,  17.69180601,  20.88061302,   0.        ,\n",
       "          26.77499562,  45.65084884,  79.26482265,   0.        ,\n",
       "          18.42271653],\n",
       "        [ 19.74841766,  47.63402146,  43.22036557,  24.39262184,\n",
       "          58.35237784,   0.        ,   8.77496439,  73.60027174,\n",
       "          22.6715681 ,  44.9550774 ,   1.        ,  94.59386872,\n",
       "          16.79285562,  74.28086217,  14.45683229,   0.        ,\n",
       "          13.60147051,  28.91366459,  80.25584091,  18.42271653,\n",
       "           0.        ]]),\n",
       " 'roi_mask_map': {1: 'GTVp',\n",
       "  2: 'GTVn',\n",
       "  3: 'brainstem',\n",
       "  4: 'esophagus',\n",
       "  5: 'hard_palate',\n",
       "  6: 'ipc',\n",
       "  7: 'larynx',\n",
       "  8: 'lower_lip',\n",
       "  9: 'lt_ant_digastric_m',\n",
       "  10: 'rt_ant_digastric_m',\n",
       "  11: 'lt_mastoid',\n",
       "  12: 'rt_mastoid',\n",
       "  13: 'lt_masseter_m',\n",
       "  14: 'rt_masseter_m',\n",
       "  15: 'mpc',\n",
       "  16: 'ipc',\n",
       "  17: 'spc',\n",
       "  18: 'soft_palate',\n",
       "  19: 'upper_lip',\n",
       "  20: 'rt_sternocleidomastoid_m',\n",
       "  21: 'lt_sternocleidomastoid_m'}}"
      ]
     },
     "execution_count": 2,
     "metadata": {},
     "output_type": "execute_result"
    }
   ],
   "source": [
    "with open(Const.data_dir+'processed_dicoms.p','rb') as f:\n",
    "    plist = pickle.load( f ) \n",
    "plist[-1]"
   ]
  },
  {
   "cell_type": "code",
   "execution_count": 49,
   "id": "03a99aea",
   "metadata": {},
   "outputs": [
    {
     "name": "stdout",
     "output_type": "stream",
     "text": [
      "(3997, 3)\n",
      "(2, 3)\n",
      "(10464, 3)\n"
     ]
    },
    {
     "data": {
      "text/plain": [
       "(3, 21, 1000, 3)"
      ]
     },
     "execution_count": 49,
     "metadata": {},
     "output_type": "execute_result"
    }
   ],
   "source": [
    "def vectorize_contours(pdict,rois=None,min_size = 2):\n",
    "    contours = pdict['contours']\n",
    "    contours = pcloud_to_concave_hull(contours)\n",
    "    if rois is None:\n",
    "        rois = sorted(contours.keys())\n",
    "    array = []\n",
    "    for roi in rois:\n",
    "        contour = contours.get(roi)\n",
    "        if contour is None or contour.shape[0] < min_size:\n",
    "            contour = np.zeros((min_size,3))\n",
    "        array.append(contour)\n",
    "    #returns a list of variable size pointclouds\n",
    "    return array\n",
    "        \n",
    "def downsample_pcloud(xyz,size=2):\n",
    "#     print(xyz.shape)\n",
    "    pcd = o3d.geometry.PointCloud()\n",
    "    pcd.points = o3d.utility.Vector3dVector(xyz)\n",
    "    pcd2 = pcd.voxel_down_sample(size)\n",
    "    xyz_new = np.asarray(pcd2.points)\n",
    "#     print(xyz_new.shape[0],xyz_new.shape[0]/xyz.shape[0],1/size)\n",
    "    return xyz_new\n",
    "\n",
    "def resize_pcloud(xyz, npoints = 2000,jitter=.1):\n",
    "    #voxel downsample\n",
    "    if xyz.shape[0] < 2:\n",
    "        return np.zeros((npoints,3))\n",
    "    correction = 0\n",
    "    prev_size = xyz.shape[0]\n",
    "    while xyz.shape[0] > npoints:\n",
    "        xyz = downsample_pcloud(xyz,(xyz.shape[0]/npoints)+correction)\n",
    "        if xyz.shape[0] >= prev_size:\n",
    "            correction += .1\n",
    "        prev_size = xyz.shape[0]\n",
    "#         print('---')\n",
    "#     print(xyz.shape)\n",
    "    #padd pointcloud with the centroid of the point + some jitter\n",
    "    diff = npoints - xyz.shape[0]\n",
    "    pad = np.zeros((diff,3))\n",
    "    pad[:] = cloud_centroid(xyz)\n",
    "    if jitter:\n",
    "        pad = pad + (np.random.random(pad.shape) - .5)*jitter\n",
    "    new_points = np.vstack([xyz,pad])\n",
    "#     print('new points',new_points.shape)\n",
    "#     print('------------------------')\n",
    "    return new_points\n",
    "\n",
    "\n",
    "def vectorize_plist_pclouds(plist,rois=None,size=1000):\n",
    "    #how to make htis a uniform shape\n",
    "    arrays = []\n",
    "    if rois is None:\n",
    "        rois = list(plist[0]['roi_mask_map'].values())\n",
    "    for patient in plist:\n",
    "        arr = vectorize_contours(patient,rois=rois)\n",
    "        print(arr[0].shape)\n",
    "        if size is not None and size > 0:\n",
    "            arr = [resize_pcloud(a,size) for a in arr]\n",
    "            arr = np.stack(arr)\n",
    "        arrays.append(arr)\n",
    "    if size is not None and size > 0:\n",
    "        arrays = np.stack(arrays)\n",
    "    return arrays\n",
    "    \n",
